
HOLDTIME 1.50

RESPWIN 1.20

REWTIME 0.05

TOTIME 10.00

DEBOUNCE 100.00

0001 1132656 TRIAL1
0001 00000000 COND122
00

00

00

00

00

00

00

00

00

00

00

00

00

00

00

00

00

00

0001 1224188 TT49

10

0001 1249024 LICK

0001 1412508 LICK

0001 1616416 LICK

0001 1767348 LICK

0001 1982908 LICK

0001 2174576 LICK

0001 2510508 LICK

0001 2724352 LICK

0001 2906380 LICK

0001 3147992 LICK

0001 3294052 LICK

0001 3313564 LICK

0001 3455452 LICK

0001 3935904 LICK

0001 4136524 LICK

0001 5215740 LICK

0001 5426616 LICK

0001 5559228 LICK

0001 5734796 LICK

0001 5933648 LICK

0001 6118460 LICK

0001 6439324 LICK

0001 6652232 LICK

0001 6862332 LICK

0001 7586468 LICK

0001 7789536 LICK

0001 7974812 LICK

0001 9112184 LICK

0001 9343312 LICK

0001 9563428 LICK

0001 9715824 LICK

0001 9933704 LICK

0001 11445272 TON

20

20

20

20

20

20

20

20

20

20

20

20

20

20

20

20

20

20

20

20

20

20

20

20

20

20

20

20

20

20

20

20

20

20

20

20

20

20

20

20

20

20

20

20

20

0001 11584664 STIMON

30

30

30

30

30

30

30

30

30

30

30

30

30

30

30

30

30

30

30

30

30

30

30

30

30

30

30

30

30

30

30

30

30

30

30

30

30

30

30

30

30

30

30

30

30

30

30

30

30

30

30

30

30

30

30

30

30

30

30

30

30

30

30

0001 11865472 LICK

30

30

30

30

30

30

30

30

30

30

30

30

30

30

30

30

30

30

30

30

30

30

30

30

30

30

30

30

30

30

30

30

30

30

30

30

30

30

30

30

30

30

30

30

30

30

30

30

30

30

30

30

30

30

30

30

30

30

30

30

30

30

0001 12144192 LICK

30

30

30

30

30

30

30

30

30

30

30

30

30

30

30

30

30

30

30

30

30

30

30

30

30

30

30

30

30

30

30

30

30

30

30

30

30

30

30

30

30

30

30

30

30

30

30

30

30

30

30

30

30

30

30

30

30

30

30

30

30

30

30

30

30

30

30

30

30

30

30

30

30

30

30

30

30

30

30

30

30

30

30

30

30

30

30

30

30

0001 12535232 LICK

30

30

30

30

30

30

30

30

30

30

30

30

30

30

30

30

30

30

30

30

30

30

30

30

30

30

30

30

30

30

30

30

30

30

30

30

30

30

0001 12714112 LICK

30

30

30

30

30

30

30

30

30

30

30

30

30

30

30

30

30

30

30

30

30

30

30

30

30

30

30

30

30

30

30

30

30

30

30

30

30

30

30

30

30

30

30

30

30

30

30

30

30

30

30

30

30

30

30

30

30

30

30

0001 12980352 LICK

30

30

30

30

30

30

30

30

30
